1024            | .???#??????#. 6,1
32              | ???##???##?#??#?#..# 1,14,1
32              | #??????#????#?###?# 3,1,10,1
48417448        | .???????#????. 1,2,1,2
1024            | ?##?.??.???.. 3,2,2
1               | #.?###?#??. 1,5
70307500        | ?#??#??????????.??.? 7,2,3,1
1               | ???###?#.##??? 8,3
10093140        | .##???.?????? 2,1,2
141158875       | ???.?????????? 1,5,2
3483            | ???#????#? 4,1,1
7776            | .????.#.???. 2,1,2
1362234         | .????.?.??##?? 1,1,1,5
4918            | ??????##?#? 6,1
32              | ?#????#?#?.?#???? 1,2,2,3
293358          | #..??????????????. 1,1,2,7
26244           | ????????#?. 1,2,4
162             | ##??.??.??#?#? 3,4
62166742        | ????#???????##?.??.? 2,1,1,5,1,1
3078251         | .?#?????#???..#???? 4,1,1,1,1,1
162             | ?#?????#.#???? 6,1,1,2
151047661       | ????#?.????? 1,1,2,1
32              | .??#?.#??. 2,3
124416          | ?.?#????.???#####??? 1,5,9
280             | ??.#?#?#??#? 1,8
3149348613      | ?.???.??.?? 1,1,1
14426000        | ????.?.#.? 1,1,1
62307           | ??#???????#?.#??# 3,3,1,2,1
2811072         | ??#???.??????.? 4,4,1
1024            | #??#??..??????. 4,1,1,1,1
12630808        | ?????.#??. 1,1,1
1266576         | .???#.??#???.? 1,1,4,1
153242          | ??##???#..???? 3,2,1
8794            | ????..???###?# 1,1,7
30000           | .??.?.##?#..?.?? 1,4,1,2
3888            | ?????#?#???##??#???. 3,14
9604            | ?#??????#?? 4,2
81              | ?.?#??#??? 2,5
1               | ??#?#???????## 1,1,1,7
1               | ??#?.###??#? 1,6
1               | #???????#?.#?#? 5,1,4
1               | #??.???#???.?## 3,1,5,2
2322495         | ???#????????#??? 4,6
1911752         | .#????#??????.?? 3,4,1,1
7203            | ?.???.?#?????#? 2,5
512             | ?.???..#?.?. 1,2,1,1
158358          | ???.#????#????#? 1,1,8
512             | ??????????#.?.?.??? 2,7,1,1,1,1
243             | #??##??#???? 1,7,1
39366           | ??#?.??#??????? 3,5,3
272             | ??###???????#.#? 10,1,1
506250          | ??#.??.??????#?.?? 2,2,3,2,1
314934861360000 | ??#??????.??.????? 8,3
